0.502296046775853 0.502485721417182
0.5002268569090446 0.5004172944754423
0.5013142666707013 0.5015051210670947
0.49893188876362593 0.4991273602544746
0.5013743268651075 0.5015668397984713
0.5006941636228374 0.5009016217562261
0.5015479919113038 0.5017557080911941
0.49819604300644005 0.4983740681262402
0.49955310826239924 0.4997584702649813
0.5031862248108725 0.5033801806656107
0.5018469794014069 0.5020348665284085
0.5007118491861139 0.5009003681417297
0.5010313492668781 0.501226797736066
0.4990658731185257 0.4992659145763934
0.5008433751299014 0.5010429906035632
0.5004414154187846 0.5006472022704775
